country,scene_type,lat,lon
Thailand,beach,16.6376449,102.545825
Thailand,beach,7.8062971,98.2986756
Thailand,beach,7.9430472,98.4425883
Thailand,beach,7.7675786,98.3060242
Thailand,beach,7.4669216,98.3074401
Thailand,beach,12.016528,102.283985
Thailand,beach,7.6076514,98.3675741
Thailand,beach,7.6104389,98.3705126
Thailand,beach,7.7451031,98.3820778
Thailand,beach,11.9742549,102.3251059
Thailand,beach,11.8005169,102.4518174
Thailand,beach,8.0573563,98.4578584
Thailand,beach,11.9503792,102.4392057
Thailand,beach,11.9083058,102.3987342
Thailand,beach,11.9063503,102.3993959
Thailand,beach,11.90536,102.4008477
Thailand,beach,11.9026084,102.4043719
Thailand,beach,11.9017678,102.4082332
Thailand,beach,11.9028445,102.4130693
Thailand,beach,11.9024063,102.4153904
Thailand,beach,11.9026937,102.4140766
Thailand,beach,11.9034882,102.4116662
Thailand,beach,9.6582359,99.6663456
Thailand,beach,8.0788066,98.6804784
Thailand,beach,11.9533274,102.4333452
Thailand,beach,7.960772,98.8112294
Thailand,beach,7.6054109,98.375847
Thailand,beach,7.6010012,98.3743415
Thailand,beach,7.676954,98.7658134
Thailand,beach,7.7437271,98.7624347
Thailand,beach,7.7347601,98.7893004
Thailand,beach,7.7443446,98.7876318
Thailand,beach,7.7480408,98.7852398
Thailand,beach,7.7550071,98.7811388
Thailand,beach,7.7288043,98.7862259
Thailand,beach,7.7628569,98.7610775
Thailand,beach,7.7357041,98.7771221
Thailand,beach,7.7770739,98.7636825
Thailand,beach,7.7303501,98.7826942
Thailand,beach,7.7319958,98.7818558
Thailand,beach,7.7334127,98.7815731
Thailand,beach,7.734019,98.7807254
Thailand,beach,7.7756257,98.3053142
Thailand,beach,8.1059871,98.6229775
Thailand,beach,11.6341137,102.544824
Thailand,beach,11.6381939,102.5431438
Thailand,beach,11.5916797,102.568239
Thailand,beach,11.5954958,102.5499971
Thailand,beach,11.6188875,102.5420979
Thailand,beach,11.7397471,102.5474188
Thailand,beach,11.6146746,102.5362212
Thailand,beach,7.7779331,98.2967368
Thailand,beach,12.2351429,99.9923465
Thailand,beach,7.4299265,98.8950691
Thailand,beach,11.7407368,99.8058584
Thailand,beach,7.9682587,98.2793916
Thailand,beach,7.9820988,98.2763554
Thailand,beach,7.9755885,98.2781055
Thailand,beach,7.9247384,98.2738819
Thailand,beach,7.7590194,98.3127622
Thailand,beach,7.7613198,98.3170257
Thailand,beach,7.8860618,98.2860793
Thailand,beach,12.8364328,100.9063319
Thailand,beach,7.7872796,98.290712
Thailand,beach,8.0115137,98.8369569
Thailand,beach,8.8594418,98.2663603
Thailand,beach,11.2166857,99.5792944
Thailand,beach,8.6324069,98.2438164
Thailand,beach,8.66745,98.2440521
Thailand,beach,8.6844948,98.2409935
Thailand,beach,8.6996858,98.238897
Thailand,beach,8.623221,98.2327977
Thailand,beach,7.4883299,99.0789361
Thailand,beach,7.4858227,99.0829879
Thailand,beach,12.7426611,100.8409682
Thailand,beach,11.9426623,102.4075671
Thailand,beach,11.9755333,102.3923937
Thailand,beach,12.458511,99.9794708
Thailand,beach,12.453462,99.9817177
Thailand,beach,13.2895524,100.9096095
Thailand,beach,6.831983,99.5340031
Thailand,beach,8.0310437,98.8217646
Thailand,beach,7.5381428,99.04836
Thailand,beach,7.6434916,99.0237305
Thailand,beach,8.0579841,98.2773254
Thailand,beach,10.117356,99.813966
Thailand,beach,7.4154869,99.2096182
Thailand,beach,7.4047097,99.2086146
Thailand,beach,6.4856439,99.2969993
Thailand,beach,6.4896494,99.3081005
Thailand,beach,7.886805,98.2831232
Thailand,beach,12.5669023,101.4651388
Thailand,beach,9.4905575,100.061772
Thailand,beach,12.9361652,100.7880747
Thailand,beach,12.9265937,100.7731312
Thailand,beach,12.9253998,100.778093
Thailand,beach,12.9119334,100.7695897
Thailand,beach,12.9098235,100.7825588
Thailand,beach,12.9295394,100.7829837
Thailand,beach,12.9190508,100.7697411
Thailand,beach,12.9004978,100.7769189
Thailand,beach,7.8439856,98.2917816
Thailand,beach,7.8910259,98.2653866
Thailand,beach,6.4888743,99.2962061
Thailand,beach,8.0235627,98.8285583
Thailand,beach,8.0621849,98.7461747
Thailand,beach,8.0564376,98.7491928
Thailand,beach,12.9252874,100.8691635
Thailand,beach,7.9254755,98.2669782
Thailand,beach,7.9477454,98.2705059
Thailand,beach,7.8647384,98.2823516
Thailand,beach,7.8091484,98.4089082
Thailand,beach,7.8100323,98.4039618
Thailand,beach,7.8061108,98.4103265
Thailand,beach,7.9104078,98.4412147
Thailand,beach,7.9850075,98.2827442
Thailand,beach,8.0345651,98.284102
Thailand,beach,12.9440097,100.7919685
Thailand,beach,9.7500056,100.0744538
Thailand,beach,9.7927603,100.0357106
Thailand,beach,9.7983713,100.0155329
Thailand,beach,9.7201859,100.0764132
Thailand,beach,9.6950357,100.0333597
Thailand,beach,9.7309426,99.9789504
Thailand,beach,12.6746415,101.0671212
Thailand,beach,9.7477553,100.0754412
Thailand,beach,9.5701242,100.0010283
Thailand,beach,9.7073764,99.9943927
Thailand,beach,9.6878402,100.0472668
Thailand,beach,9.6702924,100.0682174
Thailand,beach,9.7298275,100.0777723
Thailand,beach,12.4789495,102.0659156
Thailand,beach,12.4720117,102.0533485
Thailand,beach,12.5698868,101.4686164
Thailand,beach,12.9018067,100.8631759
Thailand,beach,6.4828469,99.2894055
Thailand,beach,6.4837659,99.291628
Thailand,beach,6.4904426,99.2981517
Thailand,beach,6.4940108,99.3030021
Thailand,beach,6.4922481,99.3001259
Thailand,beach,6.4881577,99.2953347
Thailand,beach,6.4877597,99.2947
Thailand,beach,6.493367,99.3126483
Thailand,beach,6.4930974,99.312766
Thailand,beach,9.4516433,100.0353502
Thailand,beach,9.4776072,100.0673556
Thailand,beach,6.5245462,99.2851524
Thailand,beach,12.9076764,100.857667
Thailand,beach,12.7780505,100.9032076
Thailand,beach,6.508681,99.3027151
Thailand,city,7.8465199,98.3344152
Thailand,city,14.8023289,100.6146858
Thailand,city,14.8935284,100.3984227
Thailand,city,15.0128451,100.3313284
Thailand,city,15.8660082,100.58269
Thailand,city,15.705783,100.1330046
Thailand,city,17.6217255,100.0981816
Thailand,city,17.9838543,100.0532346
Thailand,city,19.1777676,100.9151926
Thailand,city,14.203647,101.2147087
Thailand,city,14.0541467,101.3724276
Thailand,city,20.4397711,99.8829694
Thailand,city,20.2740709,100.0836065
Thailand,city,20.1471135,99.8531809
Thailand,city,19.3695656,98.9657112
Thailand,city,18.7882778,98.9858802
Thailand,city,18.2899489,99.4958526
Thailand,city,17.6052497,99.2094712
Thailand,city,18.7450907,99.1195292
Thailand,city,18.8516998,99.0443526
Thailand,city,17.010918,99.8203682
Thailand,city,16.8722576,99.1248355
Thailand,city,19.9068867,99.8332739
Thailand,city,18.914458,98.945274
Thailand,city,12.5699326,99.9573437
Thailand,city,7.8847901,98.3891503
Thailand,city,17.3156621,99.8320369
Thailand,city,6.666866,100.319418
Thailand,city,18.8731946,99.1365655
Thailand,city,8.8689862,98.3435619
Thailand,city,9.1938977,98.4147942
Thailand,city,8.5167599,98.6373833
Thailand,city,8.3925609,98.2611056
Thailand,city,8.2773863,98.3075394
Thailand,city,8.3902719,98.4522524
Thailand,city,18.0048836,98.8795185
Thailand,city,18.1934876,98.6116734
Thailand,city,17.4082448,102.7868105
Thailand,city,17.8825057,102.7482277
Thailand,city,17.9578352,102.5863997
Thailand,city,16.0400349,103.1207878
Thailand,city,15.8137152,102.6007983
Thailand,city,15.2731481,102.9998292
Thailand,city,14.9955693,103.1079187
Thailand,city,14.6405701,103.4057459
Thailand,city,14.8832452,103.4906845
Thailand,city,14.6358708,103.8517956
Thailand,city,14.6178394,104.4236099
Thailand,city,14.6449974,104.6479952
Thailand,city,15.2274235,104.8589462
Thailand,city,17.4032326,104.7853098
Thailand,city,17.1651224,104.1500731
Thailand,city,16.434034,103.5059403
Thailand,city,19.3689736,99.2055939
Thailand,city,18.6856866,98.9192218
Thailand,city,19.3581061,98.4405794
Thailand,city,12.9366924,100.8865002
Thailand,city,16.7102834,102.86447
Thailand,city,14.892691,101.7241481
Thailand,city,15.0704305,101.1099168
Thailand,city,15.2253512,100.6601926
Thailand,city,7.0074644,100.4689889
Thailand,city,7.1973429,100.593205
Thailand,city,12.2440564,102.5122822
Thailand,city,20.2607827,100.406888
Thailand,city,9.964128,98.6340038
Thailand,city,16.714992,98.5695528
Thailand,city,15.1548716,98.4518971
Thailand,city,14.7430355,98.6319339
Thailand,city,14.0227073,99.5323173
Thailand,city,15.8950944,100.3094561
Thailand,city,14.8151468,100.5129764
Thailand,city,19.3015068,97.9666073
Thailand,city,18.8293978,97.9345919
Thailand,city,18.159646,97.9301125
Thailand,city,17.2267206,98.2288001
Thailand,city,6.6151578,100.0664441
Thailand,city,13.1052914,99.9475297
Thailand,city,14.0203964,100.5340426
Thailand,city,13.5949486,100.5966707
Thailand,city,18.5776383,99.0069034
Thailand,city,14.4422581,102.7195574
Thailand,city,7.8949476,98.2988023
Thailand,city,7.84752,98.2981141
Thailand,city,7.9107004,98.3337592
Thailand,city,13.9120701,100.4974327
Thailand,city,13.8428962,100.4937886
Thailand,city,13.3662087,100.9872185
Thailand,city,14.5249471,100.9160757
Thailand,city,19.1666313,99.9019423
Thailand,city,16.4303916,102.8355904
Thailand,city,12.6064515,102.0996672
Thailand,city,12.6222804,102.0088644
Thailand,city,12.1718717,102.3938881
Thailand,city,12.6732726,102.1979421
Thailand,city,12.4543683,102.2238394
Thailand,city,12.3555139,102.4377915
Thailand,city,14.0055314,102.8090933
Thailand,city,14.6341724,102.793082
Thailand,city,11.7747507,102.8832026
Thailand,city,13.5497782,100.2742813
Thailand,city,12.6817905,101.277765
Thailand,city,6.5567245,101.2902517
Thailand,city,7.5557778,99.6076502
Thailand,city,8.4327951,99.9627967
Thailand,city,9.1404136,99.3241347
Thailand,city,14.3535427,100.5645684
Thailand,city,16.7624092,102.6347816
Thailand,city,14.3763671,99.8962761
Thailand,city,15.9888238,101.0634266
Thailand,city,16.418027,101.1556825
Thailand,city,16.8876475,101.2271902
Thailand,city,17.490375,101.7286456
Thailand,city,17.299909,101.7679902
Thailand,city,17.3010975,102.2059153
Thailand,city,17.2022252,102.440702
Thailand,city,15.8640232,104.6278059
Thailand,city,16.1880948,103.2987346
Thailand,city,16.5414065,104.7290699
Thailand,city,16.0568089,103.6514286
Thailand,city,15.1144087,104.328868
Thailand,city,15.7926751,104.1452903
Thailand,city,15.8068082,102.0315003
Thailand,city,16.4748045,99.5280072
Thailand,city,16.4428085,100.3438228
Thailand,city,18.14177,100.1425639
Thailand,city,15.3823399,100.0280546
Thailand,city,15.5315738,102.7172623
Thailand,city,15.5415772,103.0050951
Thailand,city,15.5154777,103.1948473
Thailand,city,15.6563877,103.5833399
Thailand,city,15.5995028,103.7982162
Thailand,city,16.0421786,105.223583
Thailand,city,15.3178233,105.4956323
Thailand,city,14.6099527,103.0809241
Thailand,city,15.2455945,105.2362056
Thailand,city,15.0227685,103.9372189
Thailand,city,14.4165838,103.1027135
Thailand,city,14.4129306,102.8547358
Thailand,city,14.4264637,102.4653796
Thailand,city,14.5225597,102.2478299
Thailand,city,14.731245,102.1680339
Thailand,city,15.2064023,101.133889
Thailand,city,14.4699051,100.1164984
Thailand,city,15.2944564,103.2901529
Thailand,city,15.5650057,101.8446015
Thailand,city,16.7956303,102.1849782
Thailand,city,16.6532666,102.3769638
Thailand,city,15.4143892,101.8334653
Thailand,city,15.1979652,102.070845
Thailand,countryside,16.4707616,102.8141966
Thailand,countryside,7.9839917,98.3676426
Thailand,countryside,15.8939976,103.7837636
Thailand,countryside,15.8912373,103.7838115
Thailand,countryside,15.9106836,103.7609931
Thailand,countryside,18.7594734,98.9342344
Thailand,countryside,18.7645693,98.9333184
Thailand,countryside,12.8475595,99.5905358
Thailand,countryside,17.8180393,103.3951012
Thailand,countryside,18.6987617,98.9708563
Thailand,countryside,7.875471,100.0130537
Thailand,countryside,19.9376852,99.8023903
Thailand,countryside,19.1861951,98.9850732
Thailand,countryside,18.0688308,100.1287887
Thailand,countryside,13.7302015,102.3952673
Thailand,countryside,18.8945873,98.9994238
Thailand,countryside,18.7883992,99.1031846
Thailand,countryside,18.7725688,99.1057209
Thailand,countryside,18.786616,99.1025004
Thailand,countryside,17.3283401,99.4315223
Thailand,countryside,18.7828702,99.0782182
Thailand,countryside,18.7673971,99.1482824
Thailand,countryside,18.7503822,99.1166948
Thailand,countryside,18.7531145,99.1237726
Thailand,countryside,18.7814965,99.112636
Thailand,countryside,18.7878644,99.109015
Thailand,countryside,18.7828869,99.1127594
Thailand,countryside,18.7806376,99.096811
Thailand,countryside,18.7772125,99.1019809
Thailand,countryside,18.8235465,99.16508
Thailand,countryside,18.8173409,99.1422692
Thailand,countryside,18.7720737,99.1043573
Thailand,countryside,18.7681158,99.0980771
Thailand,countryside,18.7742718,99.0952469
Thailand,countryside,18.7660629,99.089282
Thailand,countryside,18.8948171,98.9984834
Thailand,countryside,18.7365753,99.2055712
Thailand,countryside,18.7956352,99.1119785
Thailand,countryside,18.7930352,99.1120375
Thailand,countryside,18.7945368,99.1105757
Thailand,countryside,18.7936878,99.1067068
Thailand,countryside,18.7940113,99.1078482
Thailand,countryside,18.792408,99.1157336
Thailand,countryside,18.7608901,99.1000031
Thailand,countryside,18.761657,99.1028189
Thailand,countryside,18.7614309,99.1015582
Thailand,countryside,18.7455736,99.0737194
Thailand,countryside,18.7973629,99.1083029
Thailand,countryside,18.8589882,99.1417943
Thailand,countryside,18.8604292,99.1406435
Thailand,countryside,18.8576204,99.1487168
Thailand,countryside,18.8580443,99.140006
Thailand,countryside,18.7515442,99.0757556
Thailand,countryside,18.7502984,99.0743431
Thailand,countryside,18.6841564,99.1182044
Thailand,countryside,18.7216907,99.0839336
Thailand,countryside,17.3258088,99.4472741
Thailand,countryside,17.311131,99.5684855
Thailand,countryside,18.7411688,99.1744232
Thailand,countryside,18.7941848,99.1639998
Thailand,countryside,18.7936188,99.1647884
Thailand,countryside,18.6651537,99.159879
Thailand,countryside,18.664768,99.1597893
Thailand,countryside,18.651921,99.1517855
Thailand,countryside,17.3184698,99.5318586
Thailand,countryside,18.7856144,99.1147594
Thailand,countryside,18.7713238,99.0238997
Thailand,countryside,18.7919666,99.0999162
Thailand,countryside,18.7082623,99.2012075
Thailand,countryside,18.7753511,99.0283932
Thailand,countryside,18.7907644,99.1183793
Thailand,countryside,18.7778804,99.1143352
Thailand,countryside,18.7739372,99.0959093
Thailand,countryside,18.7905694,99.1229498
Thailand,countryside,18.787662,99.1225797
Thailand,countryside,18.7962212,99.1137621
Thailand,countryside,18.8008173,99.1232997
Thailand,countryside,18.7821198,99.1319774
Thailand,countryside,19.3669516,99.5164884
Thailand,countryside,18.7835695,99.0918583
Thailand,countryside,19.254281,99.5263452
Thailand,countryside,19.2572468,99.528498
Thailand,countryside,20.0469941,99.8882319
Thailand,countryside,20.3422571,99.8843838
Thailand,countryside,20.3423686,99.8838597
Thailand,countryside,13.9363596,100.6650535
Thailand,countryside,13.9375428,100.6669528
Thailand,countryside,13.9374924,100.6648664
Thailand,countryside,18.7993893,99.1031822
Thailand,countryside,18.7713498,99.1065685
Thailand,countryside,18.7708408,99.10607
Thailand,countryside,17.3199617,99.539664
Thailand,countryside,17.3260432,99.5242078
Thailand,countryside,18.7085741,99.1053131
Thailand,countryside,18.8427863,99.0650481
Thailand,countryside,18.7840913,99.129117
Thailand,countryside,18.70142,98.9206274
Thailand,countryside,18.7208823,98.9489076
Thailand,countryside,17.6351875,99.258876
Thailand,countryside,12.8131451,100.9313917
Thailand,countryside,12.815356,100.9305681
Thailand,countryside,17.3284555,99.5057775
Thailand,countryside,18.8034216,99.1717492
Thailand,countryside,18.8111865,99.1430876
Thailand,countryside,18.7261424,99.1636544
Thailand,countryside,18.7822222,99.0980154
Thailand,countryside,18.8515259,99.1241681
Thailand,countryside,18.8538812,99.1230053
Thailand,countryside,18.718022,99.1497116
Thailand,countryside,18.7167369,99.140182
Thailand,countryside,18.7268208,99.19167
Thailand,countryside,18.8364783,99.133147
Thailand,countryside,17.9575028,98.9105217
Thailand,countryside,18.812087,99.0981797
Thailand,countryside,18.8166303,99.0600663
Thailand,countryside,18.8245333,99.0785979
Thailand,countryside,7.0022651,100.4981114
Thailand,countryside,7.0032796,100.5004893
Thailand,countryside,18.5970771,98.9424347
Thailand,countryside,18.597113,98.9366426
Thailand,countryside,18.6050631,98.9404825
Thailand,countryside,18.8381661,99.151967
Thailand,countryside,18.8082112,99.057552
Thailand,countryside,18.8074672,99.08476
Thailand,countryside,18.8131539,99.0725061
Thailand,countryside,13.9175347,100.4497997
Thailand,countryside,13.9413481,100.4982836
Thailand,countryside,13.9320774,100.4531245
Thailand,countryside,13.9420121,100.4992871
Thailand,countryside,13.9073725,100.447981
Thailand,countryside,13.9152403,100.456951
Thailand,countryside,13.9098621,100.4615874
Thailand,countryside,13.918126,100.457147
Thailand,countryside,13.9406918,100.4617255
Thailand,countryside,13.9454704,100.4770573
Thailand,countryside,13.9301471,100.4553521
Thailand,countryside,13.9462111,100.4759614
Thailand,countryside,13.9350867,100.4716661
Thailand,countryside,13.9373253,100.4674419
Thailand,countryside,13.9377385,100.4682956
Thailand,countryside,13.9530828,100.4694265
Thailand,countryside,13.9533461,100.4606053
Thailand,countryside,13.9852098,100.4058226
Thailand,countryside,13.9844,100.3987109
Thailand,countryside,13.9738819,100.4342592
Thailand,countryside,13.9661634,100.4604425
Thailand,countryside,13.9718057,100.4404233
Thailand,countryside,13.9703672,100.4643025
Thailand,countryside,13.9625079,100.4593596
Thailand,countryside,13.9753436,100.4326479
Thailand,forest,16.4378249,102.8222788
Thailand,forest,15.7004355,103.230034
Thailand,forest,15.8536332,103.5413017
Thailand,forest,16.2530394,103.2498639
Thailand,forest,18.6953143,100.7430687
Thailand,forest,16.4040461,102.3475378
Thailand,forest,17.1674008,102.7822733
Thailand,forest,17.2263529,102.5691722
Thailand,forest,16.660973,103.1446103
Thailand,forest,16.0078433,103.7754443
Thailand,forest,16.4253549,102.4979066
Thailand,forest,16.6300326,102.3661259
Thailand,forest,16.5110514,102.1752353
Thailand,forest,16.5259622,102.293334
Thailand,forest,16.5233645,102.2117215
Thailand,forest,16.5130563,102.3216279
Thailand,forest,16.4959505,102.5189031
Thailand,forest,16.5956047,102.453521
Thailand,forest,14.7342591,103.0575512
Thailand,forest,16.8741329,102.5662419
Thailand,forest,15.7156893,102.7589406
Thailand,forest,15.7216315,102.7766321
Thailand,forest,16.917854,102.5448415
Thailand,forest,16.6620437,102.6972378
Thailand,forest,16.5431558,102.8066814
Thailand,forest,16.7500947,102.4290141
Thailand,forest,14.9669146,102.0730756
Thailand,forest,15.171351,102.0715183
Thailand,forest,16.2043117,102.7636712
Thailand,forest,16.0706275,102.8064969
Thailand,forest,16.0944656,102.8397538
Thailand,forest,15.8609737,102.6601976
Thailand,forest,15.8456889,102.5209129
Thailand,forest,16.3224923,102.7541814
Thailand,forest,16.0806172,101.8124744
Thailand,forest,16.4177807,102.1043252
Thailand,forest,16.4232545,102.1248207
Thailand,forest,16.3795369,102.0419644
Thailand,forest,16.7054652,102.3794165
Thailand,forest,16.7495656,102.1130944
Thailand,forest,16.5171576,102.0897431
Thailand,forest,16.5130208,102.0821967
Thailand,forest,16.5204017,102.0630388
Thailand,forest,16.5937624,101.9918512
Thailand,forest,17.1274132,102.9192428
Thailand,forest,17.2158529,102.795575
Thailand,forest,17.2641482,102.8491826
Thailand,forest,15.0638733,103.1620438
Thailand,forest,16.3968049,102.8378129
Thailand,forest,6.614526,100.0625855
Thailand,forest,17.3561024,104.6059226
Thailand,forest,17.3708327,104.6929684
Thailand,forest,13.9187165,101.5683705
Thailand,forest,15.8919995,103.7787095
Thailand,forest,8.1239759,98.3035041
Thailand,forest,9.5793431,99.9791346
Thailand,forest,18.7584955,98.9976874
Thailand,forest,13.4241015,99.99339
Thailand,forest,16.6856017,100.9932023
Thailand,forest,18.7279093,98.9039619
Thailand,forest,8.0586704,98.342696
Thailand,forest,7.3786839,99.3698734
Thailand,forest,7.8083721,99.9408898
Thailand,forest,7.8097016,99.9446161
Thailand,forest,7.8105776,99.9445357
Thailand,forest,7.8079471,99.9414115
Thailand,forest,7.8083701,99.9433915
Thailand,forest,7.8099542,99.94124
Thailand,forest,7.8105705,99.9402592
Thailand,forest,15.1975717,102.1198368
Thailand,forest,7.7924071,98.3103244
Thailand,forest,7.7948012,98.3169803
Thailand,forest,13.6014404,100.4812338
Thailand,forest,13.7343773,100.5527017
Thailand,forest,13.7491839,100.3753117
Thailand,forest,13.1226647,101.5964643
Thailand,forest,13.4031045,99.9926698
Thailand,forest,16.4630198,102.822552
Thailand,forest,16.4219709,102.8676674
Thailand,forest,16.4092344,102.8359585
Thailand,forest,18.7124055,99.1804824
Thailand,forest,18.7187591,99.1730165
Thailand,forest,18.891901,99.1568463
Thailand,forest,18.8426281,98.9629336
Thailand,forest,18.8417351,98.9581756
Thailand,forest,18.8428013,98.9599995
Thailand,forest,18.8996029,99.0103137
Thailand,forest,16.4466427,102.7881493
Thailand,forest,16.0685724,103.013494
Thailand,forest,15.7839069,102.7932045
Thailand,forest,15.7002929,103.2538988
Thailand,forest,15.6434546,103.3270993
Thailand,forest,15.6230685,103.5579145
Thailand,forest,15.64144,103.6809454
Thailand,forest,15.8165696,103.5004819
Thailand,forest,15.693543,103.3972849
Thailand,forest,15.8472277,103.6026609
Thailand,forest,16.3082532,103.5056229
Thailand,forest,16.0587376,103.3764091
Thailand,forest,16.0454417,103.376384
Thailand,forest,16.0759413,103.3734467
Thailand,forest,16.073482,103.3717819
Thailand,forest,16.0840442,103.3501778
Thailand,forest,15.9547407,103.4354345
Thailand,forest,15.855705,103.3764584
Thailand,forest,17.2274589,99.7012281
Thailand,forest,17.2280892,99.6990474
Thailand,forest,15.8121291,103.3325872
Thailand,forest,16.2944531,103.1962494
Thailand,forest,16.2715281,103.3747472
Thailand,forest,16.3681982,103.2896557
Thailand,forest,16.4090221,103.208737
Thailand,forest,16.500493,103.1748064
Thailand,forest,16.4738628,102.5436632
Thailand,forest,16.4750661,102.6238637
Thailand,forest,16.4854492,102.347826
Thailand,forest,16.4832015,102.3553096
Thailand,forest,16.4909368,102.3892479
Thailand,forest,16.8670872,101.2234557
Thailand,forest,16.4420058,102.8336925
Thailand,forest,17.439004,100.10703
Thailand,forest,17.4333604,100.0871628
Thailand,forest,18.5469571,99.0530136
Thailand,forest,19.8371781,99.8671824
Thailand,forest,18.3464558,100.7111149
Thailand,forest,17.1622317,102.2076481
Thailand,forest,17.0749276,102.2116497
Thailand,forest,17.2952538,102.1868507
Thailand,forest,17.1993401,102.1706609
Thailand,forest,18.794685,99.1674165
Thailand,forest,18.7939851,99.1639661
Thailand,forest,18.7951573,99.1701877
Thailand,forest,16.2624346,102.6891738
Thailand,forest,16.1753155,102.6414606
Thailand,forest,16.1455311,102.5507961
Thailand,forest,16.1620368,102.5550582
Thailand,forest,16.255424,102.3484866
Thailand,forest,16.1198098,102.2344576
Thailand,forest,16.300813,102.2168585
Thailand,forest,16.2758398,102.2615281
Thailand,forest,16.2129697,102.2535444
Thailand,forest,16.2457123,102.2960235
Thailand,forest,16.2295545,102.2813357
Thailand,forest,16.3697056,102.1695922
Thailand,forest,16.5008198,102.436786
Thailand,forest,16.4149527,102.3997658
Thailand,forest,16.4012983,102.3422475
Thailand,forest,16.4163866,102.4167585
Thailand,forest,16.876028,102.5729005
Thailand,forest,17.0007113,102.8053996
Thailand,marketplace,16.4028639,102.8120435
Thailand,marketplace,13.7572639,100.5168383
Thailand,marketplace,13.7561719,100.5173822
Thailand,marketplace,19.9053147,99.8340658
Thailand,marketplace,12.9095708,100.8637456
Thailand,marketplace,14.8880414,103.4892472
Thailand,marketplace,13.7463194,100.5068662
Thailand,marketplace,13.8577221,100.6437423
Thailand,marketplace,7.7892582,98.3297047
Thailand,marketplace,13.7341763,100.5134194
Thailand,marketplace,13.6610254,100.4347216
Thailand,marketplace,13.7581544,100.567026
Thailand,marketplace,13.7505663,100.4446119
Thailand,marketplace,13.7837314,100.4955233
Thailand,marketplace,13.7174116,100.2310361
Thailand,marketplace,18.7847788,99.0004409
Thailand,marketplace,13.7233779,100.5560734
Thailand,marketplace,12.9473815,100.8883632
Thailand,marketplace,13.8003894,100.5503771
Thailand,marketplace,14.2008674,101.1990608
Thailand,marketplace,13.7638683,100.5384083
Thailand,marketplace,16.414774,102.8201998
Thailand,marketplace,16.4275457,102.8270122
Thailand,marketplace,16.4267389,102.831706
Thailand,marketplace,7.6444008,99.0354247
Thailand,marketplace,14.4658579,100.5406359
Thailand,marketplace,18.9011407,99.0054994
Thailand,marketplace,7.0032196,100.4989398
Thailand,marketplace,18.7943464,99.1045933
Thailand,marketplace,18.648567,99.0430702
Thailand,marketplace,18.7902246,99.0005254
Thailand,marketplace,18.8249999,99.0112697
Thailand,marketplace,18.8043833,98.9838481
Thailand,marketplace,18.8044625,98.9846611
Thailand,marketplace,18.8046026,98.9838087
Thailand,marketplace,18.7639662,99.0260672
Thailand,marketplace,13.7473629,100.3522568
Thailand,marketplace,13.6730706,100.455823
Thailand,marketplace,13.6638095,100.4402144
Thailand,mountain,18.5884834,98.4874637
Thailand,mountain,14.1820335,101.3857494
Thailand,mountain,18.19519,103.83578
Thailand,mountain,19.8500707,100.4540708
Thailand,mountain,17.5145829,101.3449886
Thailand,mountain,9.3640128,99.9345532
Thailand,mountain,9.7617359,100.0213345
Thailand,mountain,18.8166077,98.89236
Thailand,mountain,19.399722,98.876667
Thailand,mountain,19.001667,99.405556
Thailand,mountain,18.8320983,98.8883005
Thailand,mountain,19.133252,99.7591311
Thailand,mountain,17.8695231,101.6823352
Thailand,mountain,13.107666,99.9384567
Thailand,mountain,11.8155076,99.798198
Thailand,mountain,7.2108027,100.5892319
Thailand,mountain,11.4192425,99.588456
Thailand,mountain,11.361311,99.5793477
Thailand,mountain,11.785494,99.8168233
Thailand,mountain,7.765605,98.7697916
Thailand,mountain,18.7843437,99.2367508
Thailand,mountain,17.4545801,98.527983
Thailand,mountain,16.865827,99.6690535
Thailand,mountain,10.0901647,99.8405826
Thailand,mountain,14.7266171,98.3886739
Thailand,mountain,11.5554801,99.5230602
Thailand,mountain,11.350786,99.4635815
Thailand,mountain,13.1894401,100.9502329
Thailand,mountain,19.3885377,98.8912257
Thailand,mountain,19.3971089,98.8894202
Thailand,mountain,12.5146556,99.9821859
Thailand,mountain,18.9484215,98.794487
Thailand,mountain,18.6694377,99.2015781
Thailand,mountain,7.8127095,98.2965987
Thailand,mountain,12.1093413,102.2709094
Thailand,mountain,9.72622,99.98733
Thailand,mountain,15.0004264,99.3033913
Thailand,mountain,9.0740303,98.8485052
Thailand,mountain,8.0877196,98.776735
Thailand,mountain,7.7491683,98.7794681
Thailand,mountain,8.0040891,98.841334
Thailand,mountain,8.0079902,98.8373937
Thailand,mountain,8.1262533,98.9227647
Thailand,mountain,19.1832392,99.3496403
Thailand,mountain,19.1398787,99.7492859
Thailand,mountain,18.3984139,98.4867312
Thailand,mountain,18.4990354,98.5557662
Thailand,mountain,15.9470315,99.8753459
Thailand,mountain,16.1324297,99.2849359
Thailand,mountain,8.2408907,98.8264259
Thailand,mountain,15.4739967,100.137296
Thailand,mountain,16.5475661,100.9726334
Thailand,mountain,20.3360554,99.8107523
Thailand,mountain,19.2728455,98.840711
Thailand,mountain,18.2866014,99.8499937
Thailand,mountain,19.0020251,99.4054423
Thailand,mountain,18.9652708,99.3763645
Thailand,mountain,19.018819,99.3945442
Thailand,mountain,19.0340807,99.3870412
Thailand,mountain,12.8498948,102.1701264
Thailand,mountain,12.8414063,102.1696141
Thailand,mountain,12.8388356,102.1689382
Thailand,mountain,8.4846828,99.469462
Thailand,mountain,19.8814566,99.8098179
Thailand,mountain,19.8993994,99.8649865
Thailand,mountain,19.9143979,99.7765188
Thailand,mountain,13.5231004,99.7860893
Thailand,mountain,18.7243832,99.2507724
Thailand,mountain,20.3263374,99.8341441
Thailand,mountain,20.0706641,99.1416769
Thailand,mountain,18.8367703,98.8893216
Thailand,mountain,14.5315705,102.9394472
Thailand,mountain,5.8948348,101.1623646
Thailand,mountain,19.9303196,99.8113214
Thailand,mountain,13.1489101,100.8173
Thailand,mountain,7.4267468,100.0028128
Thailand,mountain,16.8843451,101.0969831
Thailand,mountain,16.8966805,101.1060433
Thailand,mountain,18.4645229,98.2278141
Thailand,mountain,18.5744734,99.1394666
Thailand,mountain,18.9721249,98.6703975
Thailand,mountain,12.9190767,100.7768818
Thailand,mountain,12.9067239,100.7750649
Thailand,mountain,7.8989218,98.3955022
Thailand,mountain,7.8934705,98.3799563
Thailand,mountain,18.8382722,98.8671941
Thailand,mountain,18.4909631,99.3029602
Thailand,mountain,19.81484,99.8672732
Thailand,mountain,7.5741123,100.298114
Thailand,mountain,10.9912658,99.3580572
Thailand,mountain,19.8657718,100.4966438
Thailand,mountain,19.8814362,100.5002764
Thailand,mountain,13.191037,100.9366893
Thailand,mountain,17.8474595,100.0466577
Thailand,mountain,13.5824369,102.5284368
Thailand,mountain,13.5839727,102.5272864
Thailand,mountain,8.4678676,99.8425001
Thailand,mountain,7.6614817,100.0873455
Thailand,mountain,7.6257106,100.0910068
Thailand,mountain,18.8693636,99.143626
Thailand,mountain,18.8722688,99.1401833
Thailand,mountain,13.8786096,99.7450215
Thailand,mountain,8.1333536,98.3291828
Thailand,mountain,19.86219,99.0488453
Thailand,mountain,12.6080156,101.4217497
Thailand,mountain,7.0680116,100.6220835
Thailand,mountain,7.0498595,100.6072636
Thailand,mountain,7.0164196,100.5202446
Thailand,mountain,7.1711142,100.5411064
Thailand,mountain,7.1801418,100.543131
Thailand,mountain,7.1541017,100.5321175
Thailand,temple,16.5632698,102.9515493
Thailand,temple,16.4227863,102.8936792
Thailand,temple,16.660973,103.1446103
Thailand,temple,14.9807128,102.116885
Thailand,temple,15.2627991,101.1268912
Thailand,temple,16.4961612,102.1238296
Thailand,temple,16.226239,103.2703398
Thailand,temple,16.1459205,103.2586342
Thailand,temple,16.1625323,103.2706818
Thailand,temple,16.3968049,102.8378129
Thailand,temple,14.6093429,103.0806821
Thailand,temple,20.3297764,99.8636981
Thailand,temple,16.4965482,102.8350762
Thailand,temple,18.4209957,98.6789391
Thailand,temple,17.7441956,103.3600034
Thailand,temple,12.570032,99.9579868
Thailand,temple,18.0862426,100.2044165
Thailand,temple,12.6058665,102.119177
Thailand,temple,18.7830207,98.9809442
Thailand,temple,18.7852002,98.9880621
Thailand,temple,20.2642855,100.4067953
Thailand,temple,14.3701995,100.5747054
Thailand,temple,14.3681036,100.570304
Thailand,temple,14.3636523,100.5669283
Thailand,temple,14.3619775,100.5616826
Thailand,temple,14.3433558,100.5787858
Thailand,temple,13.7457914,100.4927818
Thailand,temple,16.4080915,102.8342977
Thailand,temple,13.7591741,100.4835841
Thailand,temple,13.7750456,100.4654955
Thailand,temple,13.7928723,100.4991088
Thailand,temple,13.7741103,100.4338673
Thailand,temple,13.714067,100.5053343
Thailand,temple,13.7100228,100.5147414
Thailand,temple,13.7424473,100.2580069
Thailand,temple,13.73652,100.5110316
Thailand,temple,16.4401202,100.3514451
Thailand,temple,13.2985881,100.9150321
Thailand,temple,13.6109432,100.2193154
Thailand,temple,16.8219541,100.427477
Thailand,temple,13.7792358,100.8019309
Thailand,temple,7.1925639,100.5938187
Thailand,temple,13.5740083,100.595693
Thailand,temple,13.5021947,100.8147781
Thailand,temple,13.6659855,100.865798
Thailand,temple,18.8016689,98.9989821
Thailand,temple,13.7438235,100.4884885
Thailand,temple,13.7439017,100.4892876
Thailand,temple,13.7437613,100.4893362
Thailand,temple,13.6003114,100.5868066
Thailand,temple,13.6503421,100.4733396
Thailand,temple,13.7464666,100.5368432
Thailand,temple,13.7661024,100.5137024
Thailand,temple,13.7501169,100.5009642
Thailand,temple,13.9120135,100.5411972
Thailand,temple,16.4803878,102.801719
Thailand,temple,14.1792313,101.3480042
Thailand,temple,14.1802251,101.3551569
Thailand,temple,14.1787541,101.3481876
Thailand,temple,14.1800978,101.3554492
Thailand,temple,13.658154,100.5574713
Thailand,temple,13.697524,100.5767067
Thailand,temple,14.6150723,100.7289679
Thailand,temple,14.7490401,100.6308329
Thailand,temple,14.6300242,100.6959281
Thailand,temple,14.6274061,100.7246674
Thailand,temple,14.4050088,100.6349307
Thailand,temple,14.0803207,100.6526546
Thailand,temple,14.0712723,100.6602295
Thailand,temple,13.6891286,100.5548972
Thailand,temple,14.0265533,100.5855467
Thailand,temple,16.4309748,102.839892
Thailand,temple,16.4245386,102.8376793
Thailand,temple,16.4193494,102.8352142
Thailand,temple,18.7901271,99.109117
Thailand,temple,17.3233064,99.5517713
Thailand,temple,17.3261802,99.4524469
Thailand,temple,17.3186617,99.5468949
Thailand,temple,18.8720293,99.1404732
Thailand,temple,13.7491524,100.4973433
Thailand,temple,13.7534532,100.507428
Thailand,temple,13.7538277,100.5077718
Thailand,temple,13.73282,100.4970166
Thailand,temple,14.8896754,101.7205496
Thailand,temple,18.7885848,98.9813822
Thailand,temple,18.7583714,99.0833475
Thailand,temple,18.753443,99.0767106
Thailand,temple,18.7202598,99.0707489
Thailand,temple,18.6854159,99.1047472
Thailand,temple,18.7872401,99.0018548
Thailand,temple,18.6620984,99.1420483
Thailand,temple,18.8001269,99.059107
Thailand,temple,18.7359124,99.2062826
Thailand,temple,18.760168,99.0325757
Thailand,temple,18.7366426,99.1386959
Thailand,temple,18.7940832,99.1135887
Thailand,temple,18.7284236,99.1253123
Thailand,temple,18.7937856,98.9893928
Thailand,temple,18.75394,98.9959419
Thailand,temple,18.741524,99.1919661
Thailand,temple,18.7662421,99.0985994
Thailand,temple,18.76401,99.0749913
Thailand,temple,18.7368048,99.0016263
Thailand,temple,16.155487,99.7231858
Thailand,temple,18.600018,99.0493279
Thailand,temple,18.7116751,99.0604493
Thailand,temple,18.7415245,99.1216434
Thailand,temple,18.6967464,99.0665777
Thailand,temple,13.7548368,100.5042538
Thailand,temple,18.8422202,98.9914337
Thailand,temple,18.693097,99.0591498
Thailand,temple,18.7037097,99.0609053
Thailand,temple,13.7133272,100.5168884
Thailand,temple,18.7485638,99.123242
Thailand,temple,13.8164092,100.0590338
Thailand,temple,18.7536192,99.0026341
Thailand,temple,18.7380054,99.0519474
Thailand,temple,13.818458,100.0677881
Thailand,temple,18.7208753,99.1493165
Thailand,temple,18.6372509,99.0389051
Thailand,temple,18.7978191,99.1411637
Thailand,temple,18.8076725,99.1513216
Thailand,temple,18.8124786,99.1549369
Thailand,temple,18.821143,99.1705629
Thailand,temple,18.8340484,99.1825358
Thailand,temple,18.7832607,99.1011972
Thailand,temple,18.7784731,98.9914189
Thailand,temple,18.6960687,99.0805836
Thailand,temple,18.7177481,99.0954539
Thailand,temple,18.6990603,99.1040074
Thailand,temple,18.6527533,99.0110119
Thailand,temple,18.6981228,99.1159186
Thailand,temple,18.7217732,99.1182296
Thailand,temple,18.7212714,99.0874068
Thailand,temple,18.5929597,99.0861332
Thailand,temple,18.5774158,99.0929044
Thailand,temple,18.6592252,99.1582894
Thailand,temple,18.6680809,99.1515374
Thailand,temple,18.6868125,99.1541043
Thailand,temple,16.7633328,102.619551
Thailand,temple,16.7635895,102.6249287
Thailand,temple,16.7635429,102.6232351
Thailand,temple,16.3706743,103.5564023
Thailand,temple,13.7129634,100.6029516
Thailand,temple,13.7148539,100.607009
Thailand,temple,18.8049204,98.9221455
Thailand,temple,13.5019646,101.1590445
Thailand,temple,13.4517926,101.1769173
Thailand,temple,18.7786744,99.1608863
Thailand,temple,15.0041164,104.4002332
